
 LABORATORI D'ENVOL PARAGLIDING 3.10 version "Pirineus"                                        
 by Pere Casellas 2010-2020
 http://www.laboratoridenvol.com
 General Public License GNU/GPL 3.0

 Brand: LABORATORI D'ENVOL                                
 Paraglider model: gnu-A+test-3.10                                   
  scale:    1.00000

 1. MAIN PARAMETERS:
 -------------------------------------------------
Flat area =  27.01 m2  290.7 ft2
Flat span =  10.78 m    35.4 ft
Flat A/R =  4.30

Projected area =  23.36 m2  251.5 ft2
Projected span =   8.76 m    28.7 ft
Projected A/R =  3.28
Flattening =   0.14

More geometric parameters:
Vault arrow =   2.45 m
Proj_span/arrow =   3.57
Line heigth (included risers) =   7.27 m
Proj_span/Line_heigth =   1.29
Karabiners - wingtip =   6.17 m
Proj_span/(Karabiners - wingtip) =   1.42

Wing type is: ds

Planform center of gravity at 52.62 % from leading edge

 2. CALAGE PROPERTIES:
 -------------------------------------------------
finesse GR   5.00
glide angle  11.31
AoA  11.31
assiette   0.00
total height hcp (inc risers)    -0. cm
risers    47. cm
calage, pilot centering % cm  40.00  123.35
center pressure (estimation) cm  40.00  123.35
karabiners (x,y,z)       2.00    123.35    727.00

 3. RIB PROPERTIES:
 -------------------------------------------------
 Ribs number =           28
 Cells number =           27

 Rib - Chord - washin - beta 
 -------------------------------------------------
 1     308.37  -2.042   2.46
 2     305.85  -2.018   7.27
 3     301.00  -1.976  11.94
 4     293.76  -1.917  16.56
 5     283.95  -1.838  21.20
 6     271.43  -1.739  25.98
 7     256.26  -1.601  30.97
 8     238.56  -1.395  36.31
 9     218.58  -1.089  42.19
10     196.50  -0.627  48.84
11     172.38   0.053  56.52
12     146.13   0.978  65.42
13     117.65   2.090  75.52
14      87.07   1.770  80.84

 Cell   width (cm)
 0       55.15
 1     52.50
 2     50.62
 3     49.61
 4     48.62
 5     47.03
 6     44.55
 7     41.30
 8     37.59
 9     33.92
10     30.53
11     27.47
12     24.91
13     22.64

 4. LINE MATRIX, LINE LENGTHS,AND LINE LOADS:
 Line-plan- level- order- ap  - r - row - rib -  L    -   length -length_e - load (Kg)
 --------------------------------------------------------------------------
  1     1     1     1    12     3     1    12    L =     47.00    47.00    16.49
  2     1     2     1     4     3     1     4    L =    509.00   508.73     6.62
  3     1     2     2     4     3     1     8    L =    498.00   497.77     5.75
  4     1     2     3     4     3     1    12    L =    476.00   475.84     4.13
  5     1     3     1     1     3     1     1    L =    178.88   178.82     1.69
  6     1     3     2     1     3     1     2    L =    165.88   165.82     1.67
  7     1     3     3     1     3     1     3    L =    163.82   163.76     1.65
  8     1     3     4     1     3     1     4    L =    172.19   172.13     1.61
  9     1     3     5     1     3     1     5    L =    177.48   177.43     1.55
 10     1     3     6     1     3     1     6    L =    165.19   165.14     1.49
 11     1     3     7     1     3     1     7    L =    161.51   161.46     1.40
 12     1     3     8     1     3     1     8    L =    165.41   165.37     1.31
 13     1     3     9     1     3     1     9    L =    177.33   177.29     1.20
 14     1     3    10     1     3     1    10    L =    166.06   166.02     1.08
 15     1     3    11     1     3     1    11    L =    158.64   158.61     0.94
 16     1     3    12     1     3     1    12    L =    154.64   154.61     0.91
 17     2     1     1    16     3     4    14    L =     47.00    47.00    17.86
 18     2     2     1     4     3     2     4    L =    501.00   500.73     6.62
 19     2     2     2     4     3     2     8    L =    491.00   490.77     5.75
 20     2     2     3     4     3     2    12    L =    471.00   470.84     4.13
 21     2     2     4     4     3     4    14    L =    447.00   446.95     1.36
 22     2     3     1     1     3     2     1    L =    178.64   178.58     1.69
 23     2     3     2     1     3     2     2    L =    165.68   165.63     1.67
 24     2     3     3     1     3     2     3    L =    163.61   163.56     1.65
 25     2     3     4     1     3     2     4    L =    171.90   171.85     1.61
 26     2     3     5     1     3     2     5    L =    176.42   176.36     1.55
 27     2     3     6     1     3     2     6    L =    164.81   164.76     1.49
 28     2     3     7     1     3     2     7    L =    161.68   161.64     1.40
 29     2     3     8     1     3     2     8    L =    165.80   165.76     1.31
 30     2     3     9     1     3     2     9    L =    176.56   176.52     1.20
 31     2     3    10     1     3     2    10    L =    166.34   166.30     1.08
 32     2     3    11     1     3     2    11    L =    159.37   159.34     0.94
 33     2     3    12     1     3     2    12    L =    157.68   157.65     0.91
 34     2     3    13     1     3     1    14    L =    161.84   161.82     0.48
 35     2     3    14     1     3     2    14    L =    160.15   160.14     0.48
 36     2     3    15     1     3     3    14    L =    162.70   162.69     0.27
 37     2     3    16     1     3     4    14    L =    169.28   169.28     0.14
 38     3     1     1    23     3     4    11    L =     47.00    47.00    13.81
 39     3     2     1     8     3     4     4    L =    513.00   512.77     5.67
 40     3     2     2     8     3     4     8    L =    503.00   502.80     4.93
 41     3     2     3     7     3     4    11    L =    483.00   482.88     3.21
 42     3     3     1     1     3     3     1    L =    173.93   173.90     0.96
 43     3     3     2     1     3     3     2    L =    160.54   160.51     0.96
 44     3     3     3     1     3     3     3    L =    158.67   158.64     0.94
 45     3     3     4     1     3     3     4    L =    167.70   167.67     0.92
 46     3     3     5     1     3     4     1    L =    191.02   191.01     0.48
 47     3     3     6     1     3     4     2    L =    178.50   178.48     0.48
 48     3     3     7     1     3     4     3    L =    176.44   176.42     0.47
 49     3     3     8     1     3     4     4    L =    184.28   184.26     0.46
 50     3     3     9     1     3     3     5    L =    172.24   172.21     0.89
 51     3     3    10     1     3     3     6    L =    160.26   160.23     0.85
 52     3     3    11     1     3     3     7    L =    157.01   156.99     0.80
 53     3     3    12     1     3     3     8    L =    161.07   161.04     0.75
 54     3     3    13     1     3     4     5    L =    187.76   187.74     0.44
 55     3     3    14     1     3     4     6    L =    175.93   175.92     0.42
 56     3     3    15     1     3     4     7    L =    172.13   172.12     0.40
 57     3     3    16     1     3     4     8    L =    175.03   175.02     0.37
 58     3     3    17     1     3     3     9    L =    170.46   170.44     0.68
 59     3     3    18     1     3     3    10    L =    160.67   160.65     0.61
 60     3     3    19     1     3     3    11    L =    153.71   153.70     0.54
 61     3     3    20     1     3     3    12    L =    155.83   155.81     0.46
 62     3     3    21     1     3     4     9    L =    181.48   181.47     0.34
 63     3     3    22     1     3     4    10    L =    171.10   171.09     0.31
 64     3     3    23     1     3     4    11    L =    163.22   163.21     0.27
 65     4     1     1    12     4     6    13    L =    270.00     0.00     0.00
 66     4     2     1     4     4     6     5    L =    249.00     0.00     0.00
 67     4     2     2     4     4     6     9    L =    218.00     0.00     0.00
 68     4     2     3     4     4     6    13    L =    190.00     0.00     0.00
 69     4     3     1     2     4     6     3    L =    120.00     0.00     0.00
 70     4     3     2     2     4     6     5    L =    120.00     0.00     0.00
 71     4     3     3     2     4     6     7    L =    120.00     0.00     0.00
 72     4     3     4     2     4     6     9    L =    120.00     0.00     0.00
 73     4     3     5     4     4     6    13    L =    120.00     0.00     0.00
 74     4     4     1     1     4     6     2    L =    108.82     0.00     0.00
 75     4     4     2     1     4     6     3    L =     91.46     0.00     0.00
 76     4     4     3     1     4     6     4    L =     81.62     0.00     0.00
 77     4     4     4     1     4     6     5    L =     79.57     0.00     0.00
 78     4     4     5     1     4     6     6    L =     98.82     0.00     0.00
 79     4     4     6     1     4     6     7    L =     87.97     0.00     0.00
 80     4     4     7     1     4     6     8    L =     81.89     0.00     0.00
 81     4     4     8     1     4     6     9    L =     80.12     0.00     0.00
 82     4     4     9     1     4     6    10    L =    101.93     0.00     0.00
 83     4     4    10     1     4     6    11    L =     87.73     0.00     0.00
 84     4     4    11     1     4     6    12    L =     79.06     0.00     0.00
 85     4     4    12     1     4     6    13    L =     75.50     0.00     0.00

Total line lengths (without loops) =    315.64
Total line lengths (with loops) =    349.64
 (estimation of 10 cm additional per loop)


 5. Adjustment seam parameters on the inner side
 of extrados panels (fig. 10 of the manual)
 -------------------------------------------------
 Not used ( ndif=1000 )


 6. VERIFICATION Panels and rib differences (mm):
 -------------------------------------------------
 NOTE: Maximal accuracy << 0.02 mm in extrados and intrados panels

 Number - Panel at left - Rib - Panel at right - max dif (mm)

 1     3414.22   3414.22   3414.22     0.000 extra
 1     2884.20   2884.20   2884.20     0.001 intra

 2     3386.30   3386.30   3386.30     0.000 extra
 2     2860.62   2860.62   2860.62     0.001 intra

 3     3332.63   3332.63   3332.63     0.000 extra
 3     2815.28   2815.28   2815.28     0.001 intra

 4     3252.39   3252.39   3252.39     0.000 extra
 4     2747.50   2747.50   2747.50     0.001 intra

 5     3143.81   3143.81   3143.81     0.000 extra
 5     2655.77   2655.78   2655.78     0.002 intra

 6     3005.13   3005.13   3005.13     0.000 extra
 6     2538.62   2538.62   2538.62     0.003 intra

 7     2837.22   2837.22   2837.22     0.000 extra
 7     2396.77   2396.77   2396.78     0.003 intra

 8     2641.22   2641.22   2641.22     0.000 extra
 8     2231.20   2231.21   2231.21     0.004 intra

 9     2420.03   2420.03   2420.03     0.000 extra
 9     2044.35   2044.36   2044.36     0.005 intra

10     2175.55   2175.55   2175.55     0.000 extra
10     1837.82   1837.82   1837.82     0.006 intra

11     1908.53   1908.53   1908.53     0.000 extra
11     1612.25   1612.26   1612.26     0.007 intra

12     1617.86   1617.86   1617.86     0.000 extra
12     1366.70   1366.71   1366.71     0.009 intra

13     1302.59   1302.59   1302.59     0.000 extra
13     1100.37   1100.38   1100.41     0.028 intra

14      870.68    870.68     -         0.000 extra
14      808.83    808.83     -         0.001 intra

 Panel distorsions in the leading edge (mm):
 -------------------------------------------
 Panel   D. extra   D. intra
  0      0.1109    0.0035
  1      0.0911    0.0028
  2      0.0575    0.0016
  3      0.0102   -0.0005
  4     -0.0616   -0.0046
  5     -0.0000   -0.0114
  6     -0.0001   -0.0201
  7     -0.0007   -0.0306
  8     -0.0024   -0.0417
  9     -0.0061   -0.0544
 10     -0.0134   -0.0700
 11     -0.0269   -0.0160
 12     -0.0372   -0.0325
 13     -0.0940   -0.0606

 7. CALAGE AND RISERS VARIATIONS WITH ANGLE

 a) Speed system pivot in last riser:
 -------------------------------------------
 i   alpha       A       B       C  Calage
 1   -0.00    0.00    0.00    0.00   40.00
 2   -1.00   -2.67   -1.59    0.00   35.89
 3   -2.00   -5.33   -3.19    0.00   31.79
 4   -3.00   -7.98   -4.78    0.00   27.72
 5   -4.00  -10.62   -6.36    0.00   23.69

 b) Speed system pivot in first riser:
 -------------------------------------------
 i   alpha       A       B       C  Calage
 1   -0.00    0.00    0.00    0.00   40.00
 2   -1.00    0.00    1.09    2.68   35.88
 3   -2.00    0.00    2.19    5.35   31.75
 4   -3.00    0.00    3.29    8.02   27.62
 5   -4.00    0.00    4.38   10.69   23.48

 c) Trimer system pivot in first riser:
 -------------------------------------------
 i   alpha       A       B       C  Calage
 1    0.00    0.00    0.00    0.00   40.00
 2    1.00    0.00   -1.09   -2.68   44.11
 3    2.00    0.00   -2.19   -5.37   48.21
 4    3.00    0.00   -3.28   -8.06   52.30
 5    4.00    0.00   -4.37  -10.75   56.37

 d) Trimer system pivot in last riser:
 -------------------------------------------
 i   alpha       A       B       C  Calage
 1    0.00    0.00    0.00    0.00   40.00
 2    1.00    2.67    1.59    0.00   44.12
 3    2.00    5.35    3.19    0.00   48.24
 4    3.00    8.03    4.79    0.00   52.36
 5    4.00   10.72    6.38    0.00   56.47

 8. NYLON RODS (JONCS) TYPE 1
 -------------------------------------------
Jonc   1     90.8
Jonc   2     90.1
Jonc   3     88.6
Jonc   4     86.5
Jonc   5     83.6
Jonc   6     79.9
Jonc   7     75.5
Jonc   8     70.2
Jonc   9     64.4
Jonc  10     57.9
Jonc  11     50.8
Jonc  12     43.0
Jonc  13     34.6
Joncs total length (both sides)   1831.9

 9. 3D-SHAPING DETAILS
 -------------------------------------------

 -------------------------------------
 zone   rib      d1       d2    d2-d1 
 -------------------------------------
 z1      1    55.39    57.38     2.00
 z3      1    33.54    40.39     6.85
f13      1     2.40
 z4      1    15.65    16.12     0.47
 -------------------------------------
 zone   rib      d1       d2    d2-d1 
 -------------------------------------
 z1      2    55.16    57.06     1.90
 z3      2    33.41    39.91     6.51
f13      2     2.28
 z4      2    15.58    16.03     0.45
 -------------------------------------
 zone   rib      d1       d2    d2-d1 
 -------------------------------------
 z1      3    54.50    56.33     1.84
 z3      3    33.01    39.26     6.25
f13      3     2.20
 z4      3    15.40    15.83     0.43
 -------------------------------------
 zone   rib      d1       d2    d2-d1 
 -------------------------------------
 z1      4    53.41    55.21     1.80
 z3      4    32.35    38.46     6.11
f13      4     2.16
 z4      4    15.09    15.51     0.42
 -------------------------------------
 zone   rib      d1       d2    d2-d1 
 -------------------------------------
 z1      5    51.88    53.65     1.77
 z3      5    31.42    37.38     5.96
f13      5     2.12
 z4      5    14.66    15.07     0.42
 -------------------------------------
 zone   rib      d1       d2    d2-d1 
 -------------------------------------
 z1      6    49.88    51.59     1.71
 z3      6    30.21    36.02     5.82
f13      6     2.06
 z4      6    14.09    14.49     0.40
 -------------------------------------
 zone   rib      d1       d2    d2-d1 
 -------------------------------------
 z1      7    47.39    49.02     1.63
 z3      7    28.70    34.24     5.54
f13      7     1.96
 z4      7    13.39    13.77     0.38
 -------------------------------------
 zone   rib      d1       d2    d2-d1 
 -------------------------------------
 z1      8    44.44    45.97     1.53
 z3      8    26.91    32.09     5.18
f13      8     1.84
 z4      8    12.55    12.91     0.36
 -------------------------------------
 zone   rib      d1       d2    d2-d1 
 -------------------------------------
 z1      9    41.05    42.47     1.42
 z3      9    24.85    29.63     4.78
f13      9     1.71
 z4      9    11.60    11.93     0.33
 -------------------------------------
 zone   rib      d1       d2    d2-d1 
 -------------------------------------
 z1     10    37.28    38.58     1.31
 z3     10    22.56    26.95     4.39
f13     10     1.57
 z4     10    10.53    10.83     0.30
 -------------------------------------
 zone   rib      d1       d2    d2-d1 
 -------------------------------------
 z1     11    33.13    34.33     1.21
 z3     11    20.04    24.09     4.05
f13     11     1.46
 z4     11     9.36     9.63     0.28
 -------------------------------------
 zone   rib      d1       d2    d2-d1 
 -------------------------------------
 z1     12    28.60    29.72     1.12
 z3     12    17.29    21.05     3.75
f13     12     1.35
 z4     12     8.08     8.33     0.25
 -------------------------------------
 zone   rib      d1       d2    d2-d1 
 -------------------------------------
 z1     13    19.68    22.36     2.69
 z3     13    19.18    23.73     4.55
f13     13     3.62
 z4     13     6.69     6.93     0.24
 -------------------------------------
 zone   rib      d1       d2    d2-d1 
 -------------------------------------
 z1     14    14.81    16.39     1.58
 z3     14    10.23    14.98     4.75
f13     14     3.17
 z4     14     5.61     5.68     0.07

 10. INFORMATIVE EXTRADOS AND INTRADOS COEFFICIENTS
 -------------------------------------------
 Rib             panel/rib (left) panel/rib (right)
  0     extrados      1.00000         1.00000
  1     extrados      1.00000         1.00000
  2     extrados      1.00000         1.00000
  3     extrados      1.00000         1.00000
  4     extrados      1.00000         1.00000
  5     extrados      1.00000         1.00000
  6     extrados      1.00000         1.00000
  7     extrados      1.00000         1.00000
  8     extrados      1.00000         1.00000
  9     extrados      1.00000         1.00000
 10     extrados      1.00000         1.00000
 11     extrados      1.00000         1.00000
 12     extrados      1.00000         1.00000
 13     extrados      1.00000         1.00000

  0     intrados      1.00001         1.00000
  1     intrados      1.00000         1.00000
  2     intrados      1.00000         1.00000
  3     intrados      1.00000         1.00000
  4     intrados      1.00000         1.00000
  5     intrados      1.00000         1.00000
  6     intrados      1.00000         1.00000
  7     intrados      1.00000         1.00000
  8     intrados      1.00000         1.00000
  9     intrados      1.00000         1.00000
 10     intrados      1.00000         1.00000
 11     intrados      1.00000         1.00000
 12     intrados      1.00000         1.00000
 13     intrados      1.00000         1.00000

 11. INFORMATION ABOUT AIRFOIL POINTS
 -------------------------------------------
 Rib  Total Extra Vents Intra
  0   111    66     9    38
  1   111    66     9    38
  2   111    66     9    38
  3   111    66     9    38
  4   111    66     9    38
  5   111    66     9    38
  6   111    66     9    38
  7   111    66     9    38
  8   111    66     9    38
  9   111    66     9    38
 10   111    66     9    38
 11   111    66     9    38
 12   111    66     9    38
 13   111    66     9    38
 14   111    66     9    38
